3	30	100000	49	33	109117
     1		0	33	3
     2		30	40	3
     3		37	49	3.33167
     4		46	60	3.71484
     5		56	73	4.09878
     6		68	88	4.51664
     7		82	106	4.95984
     8		98	127	5.42218
     9		118	152	5.94979
    10		141	182	6.50385
    11		168	217	7.0993
    12		201	259	7.76531
    13		239	308	8.46759
    14		285	366	9.24662
    15		338	435	10.0698
    16		402	517	10.9818
    17		477	614	11.9624
    18		567	729	13.0422
    19		673	865	14.2092
    20		798	1026	15.4726
    21		947	1217	16.8553
    22		1123	1443	18.3548
    23		1331	1711	19.9825
    24		1578	2028	21.7578
    25		1871	2404	23.6918
    26		2217	2849	25.7895
    27		2628	3376	28.0785
    28		3114	4000	30.5647
    29		3689	4739	33.2671
    30		4371	5615	36.2119
    31		5178	6652	39.4132
    32		6135	7880	42.901
    33		7267	9335	46.6915
    34		8609	11058	50.8203
    35		10198	13099	55.3118
    36		12080	15516	60.1997
    37		14308	18379	65.5164
    38		16949	21770	71.3071
    39		20076	25787	77.6067
    40		23780	30544	84.463
    41		28166	36179	91.9228
    42		33363	42853	100.044
    43		39517	50758	108.881
    44		46807	60121	118.499
    45		55441	71211	128.966
    46		65667	84346	140.357
    47		77780	99903	152.755
    48		92125	118329	166.245
    49		109117	-1	180.928
